# Camera list with one line of data per camera:
#   CAMERA_ID, MODEL, WIDTH, HEIGHT, PARAMS[]
# Number of cameras: 92
89 FULL_OPENCV 480 848 979.7500293294244 979.7500293294244 266.5378720303766 485.1573631254456 -0.1989555123711871 1.900652346602222 0 0 -4.769144038897448 0 0 0
90 FULL_OPENCV 480 848 969.6333058610265 969.6333058610265 258.0051711490544 488.5451511087688 -0.4402428299851029 5.171779724160251 0 0 -19.39229267486768 0 0 0
85 FULL_OPENCV 480 848 967.036998409734 967.036998409734 258.0467491662714 481.0347111722755 -0.4675606607917061 6.189410581573336 0 0 -25.23960445393283 0 0 0
83 FULL_OPENCV 480 848 972.4434370718469 972.4434370718469 258.5052201874558 482.8349210338121 -4.563273633222781e-002 -0.4558383511181224 0 0 4.487348644033037 0 0 0
92 FULL_OPENCV 480 848 970.156683813574 970.156683813574 260.8735569536849 482.261848250133 -0.3726155717256835 5.139860322874744 0 0 -21.91744834023944 0 0 0
82 FULL_OPENCV 480 848 974.1055045340526 974.1055045340526 252.6046249114887 488.2058537703192 -0.3707088781325193 4.314905859439978 0 0 -17.62606888137798 0 0 0
91 FULL_OPENCV 480 848 973.4026819633223 973.4026819633223 257.4559544163021 483.5989151417995 -0.2360009789059441 2.409436203599497 0 0 -8.931305487987721 0 0 0
86 FULL_OPENCV 480 848 971.3446805461473 971.3446805461473 254.8363778569578 487.0303977527114 3.302052214937144e-003 -1.530077716092874 0 0 7.733181258731218 0 0 0
87 FULL_OPENCV 480 848 980.6298088838222 980.6298088838222 259.9734843162028 471.3673402956482 -1.816524574366018e-002 0.4179294382953131 0 0 -4.201879738466952 0 0 0
88 FULL_OPENCV 480 848 976.1706974130038 976.1706974130038 264.4562387675474 483.9409727003925 0.1371609527173856 -4.116948927778101 0 0 21.92307847283113 0 0 0
84 FULL_OPENCV 480 848 994.0489414201783 994.0489414201783 253.4286515766539 484.8312190994134 1.471135939894631e-003 -1.984691222824425 0 0 9.616251773730969 0 0 0
66 FULL_OPENCV 480 848 985.1686662528068 985.1686662528068 239.2831719464554 462.4747032669544 -0.151542098446049 1.526478361679851 0 0 -8.152150753528311 0 0 0
75 FULL_OPENCV 480 848 993.303519744736 993.303519744736 226.3822541242608 467.8533566926506 0.1190460300242152 -2.559366140811858 0 0 8.509705393831819 0 0 0
80 FULL_OPENCV 480 848 977.7326324453517 977.7326324453517 220.9136589204097 469.9959348967409 -0.1869876024121788 1.719653779566422 0 0 -8.793740231597676 0 0 0
73 FULL_OPENCV 480 848 978.8322180934387 978.8322180934387 208.1013505375887 463.0595576752306 -0.102803893469098 1.089940756373653e-002 0 0 0.4125361133728547 0 0 0
77 FULL_OPENCV 480 848 975.3570160685563 975.3570160685563 214.0488556301068 461.8641285477711 -0.115425948287956 0.7973324431896651 0 0 -5.191178373375865 0 0 0
74 FULL_OPENCV 480 848 965.4484188244249 965.4484188244249 223.1911893601511 463.6383365213477 -0.141507371343026 0.6128103368454966 0 0 -2.737894968686803 0 0 0
65 FULL_OPENCV 480 848 973.3830911301868 973.3830911301868 235.3679257461283 457.3224319501826 -7.899828033850829e-002 0.277848643818556 0 0 -1.643391298835553 0 0 0
72 FULL_OPENCV 480 848 973.191211281351 973.191211281351 243.8086518619781 447.6613973874611 -0.1434816151733827 0.9512027227401322 0 0 -1.670084247087731 0 0 0
67 FULL_OPENCV 480 848 976.1599012292711 976.1599012292711 241.8697534732671 448.7125327839815 0.1722847545046423 -4.339033511507434 0 0 23.86929404576239 0 0 0
81 FULL_OPENCV 480 848 970.9575690286398 970.9575690286398 250.0125255252862 451.2194262645128 -9.896333672156643e-002 0.1005949543437486 0 0 2.89446659840609 0 0 0
76 FULL_OPENCV 480 848 979.2032330543507 979.2032330543507 249.3159398346445 453.7728878788389 -0.129525960871437 1.764359132285719 0 0 -13.38569666046015 0 0 0
69 FULL_OPENCV 480 848 983.7276785364063 983.7276785364063 251.2966920448193 456.7858828275835 -4.160175392331412e-002 -0.215330496215947 0 0 -1.245507197608686 0 0 0
71 FULL_OPENCV 480 848 982.4412942455585 982.4412942455585 248.7660702977242 457.0672328933325 -0.2537727077474384 2.619957124309685 0 0 -12.06557876979396 0 0 0
70 FULL_OPENCV 480 848 992.5871486847316 992.5871486847316 244.4614198819968 454.2235297713864 -0.2147659716275722 2.253955008678215 0 0 -11.93481351827767 0 0 0
78 FULL_OPENCV 480 848 994.0033667473675 994.0033667473675 236.3234295317176 472.1331331652962 -0.1831025672771094 0.7934518552098716 0 0 -3.290915096115768 0 0 0
79 FULL_OPENCV 480 848 989.1967099503515 989.1967099503515 238.7500959903252 462.5442258112184 -2.696879541648615e-002 -1.080162832285421 0 0 4.374196640022175 0 0 0
64 FULL_OPENCV 480 848 987.9614752905969 987.9614752905969 252.0626353132268 473.9114906910449 0.3615194121312665 -8.155482675473204 0 0 39.29545599168627 0 0 0
68 FULL_OPENCV 480 848 992.2003571079948 992.2003571079948 238.374252457556 472.3502795396676 9.66451208375298e-002 -3.854231066725935 0 0 18.75613958940769 0 0 0
62 FULL_OPENCV 480 848 1006.771219483074 1006.771219483074 238.9912989459305 496.2585053766882 -0.1978148205633788 0.178171855803109 0 0 0.5878905616086982 0 0 0
63 FULL_OPENCV 480 848 994.4199278388558 994.4199278388558 238.1833734177339 493.4787914307824 -0.1444676884990014 -0.5204098145817876 0 0 3.666754962562861 0 0 0
60 FULL_OPENCV 480 848 988.5196255662732 988.5196255662732 249.9191719817156 478.1721014734454 -8.825179957106315e-002 -0.9702740492730768 0 0 5.768374463818323 0 0 0
61 FULL_OPENCV 480 848 994.1087624230648 994.1087624230648 241.386328337059 485.1685776731529 -0.2666846936437881 1.811143038204536 0 0 -6.388104586575136 0 0 0
58 FULL_OPENCV 480 848 998.5126998598869 998.5126998598869 270.4258127342872 466.1160772545107 -8.327339869433956e-002 1.411695953077911 0 0 -11.03574552342779 0 0 0
59 FULL_OPENCV 480 848 994.8878197939755 994.8878197939755 261.5127299194036 476.2350170438845 -6.243447970349478e-002 0.5162343629711609 0 0 -4.973982842578535 0 0 0
55 FULL_OPENCV 480 848 999.1036001652725 999.1036001652725 269.1075036843282 467.2421591183323 -3.758361051902245e-002 0.5827930279984713 0 0 -5.758815888526428 0 0 0
56 FULL_OPENCV 480 848 973.7240761943058 973.7240761943058 266.76919558508 482.3467954152293 -2.612082614139604e-002 -0.5202502923380419 0 0 0.5238088967734632 0 0 0
57 FULL_OPENCV 480 848 990.927668414578 990.927668414578 273.9289503109538 468.6335132874208 -2.620999563213107e-002 0.4105685701568919 0 0 -5.550711884667251 0 0 0
53 FULL_OPENCV 480 848 986.1568311954788 986.1568311954788 273.2413208437529 477.8313778037135 0.1391631204511786 -2.350711876386267 0 0 6.357562712528492 0 0 0
52 FULL_OPENCV 480 848 989.8983852634922 989.8983852634922 273.6255220765958 473.4000144648651 3.857631615160119e-002 -1.038208964318517 0 0 2.712383654336291 0 0 0
51 FULL_OPENCV 480 848 985.0011642730826 985.0011642730826 272.8825652754884 483.7923684329002 4.454528660099716e-002 -1.507783784219625 0 0 4.798349339020318 0 0 0
54 FULL_OPENCV 480 848 979.3946438714752 979.3946438714752 276.9674157215168 467.8474503355718 0.1442457483493763 -1.895655341681027 0 0 5.215705415519343 0 0 0
50 FULL_OPENCV 480 848 979.68294327284 979.68294327284 278.0260229700743 475.0424067911923 8.324435319535507e-002 -1.510839373759519 0 0 4.712069530325286 0 0 0
49 FULL_OPENCV 480 848 977.1026409752257 977.1026409752257 272.2329341473796 472.9581711254961 3.743117238935168e-002 -0.6785232877687155 0 0 1.165438889216886 0 0 0
47 FULL_OPENCV 480 848 980.2100414108868 980.2100414108868 276.3528014221894 468.2506138910667 0.1114844274312179 -1.33629278622163 0 0 2.993204109706195 0 0 0
46 FULL_OPENCV 480 848 989.8954771477112 989.8954771477112 276.5507608853798 473.8161842116849 2.54957030333075e-002 -0.868952423381499 0 0 2.484079776070407 0 0 0
48 FULL_OPENCV 480 848 974.0910630066535 974.0910630066535 271.9209849123934 471.0149530772487 0.1186027722360555 -1.952733051269384 0 0 6.733552674585797 0 0 0
41 FULL_OPENCV 480 848 987.5449435805531 987.5449435805531 271.0673559345468 472.1204624480409 0.1408322070875365 -2.146521111061951 0 0 6.686107617508513 0 0 0
44 FULL_OPENCV 480 848 989.1459467827118 989.1459467827118 265.7457465046949 476.6059723413431 0.1796593762211609 -2.624344838181745 0 0 8.101680754401977 0 0 0
45 FULL_OPENCV 480 848 988.9759544055144 988.9759544055144 272.2293563214485 474.8464114586789 0.1189166806640599 -1.854755478519315 0 0 5.690690649911748 0 0 0
42 FULL_OPENCV 480 848 990.9222692290479 990.9222692290479 264.4443748505346 475.5427964574775 7.266000465445168e-003 -0.8055750927907999 0 0 3.086755145269996 0 0 0
43 FULL_OPENCV 480 848 995.5442828490411 995.5442828490411 272.693023932285 470.62532418551 -3.623035452445123e-003 -0.7409868758569398 0 0 3.182121369209657 0 0 0
40 FULL_OPENCV 480 848 992.9631795747379 992.9631795747379 270.2963952387914 468.5608302137492 0.1532092920030104 -2.462449172637207 0 0 8.321243144290476 0 0 0
39 FULL_OPENCV 480 848 989.0260373056821 989.0260373056821 265.1565736338093 475.8289445487102 4.141204465921493e-002 -1.313034729357833 0 0 5.031385748348164 0 0 0
38 FULL_OPENCV 480 848 989.7880545857413 989.7880545857413 268.4534705297377 460.4145663701112 5.476401122147995e-003 -0.8804398652106145 0 0 4.507573970846062 0 0 0
37 FULL_OPENCV 480 848 994.5045184269077 994.5045184269077 268.4198522040493 457.0670377978425 -0.2212880663568805 3.715938230975841 0 0 -20.55438969226115 0 0 0
35 FULL_OPENCV 480 848 998.0090139279567 998.0090139279567 281.3537736498854 446.9038015465493 -0.445623671504431 7.746987056759073 0 0 -39.99310612774202 0 0 0
36 FULL_OPENCV 480 848 991.5285480803617 991.5285480803617 297.0590542070433 450.8630857504769 -0.4314156058999952 6.081006727513606 0 0 -29.88938446600203 0 0 0
33 FULL_OPENCV 480 848 994.8324526724671 994.8324526724671 298.6349098499803 447.3633214007517 -0.1882966408653141 3.065253726382316 0 0 -19.25305049831276 0 0 0
34 FULL_OPENCV 480 848 997.9763239006663 997.9763239006663 296.0397920670434 440.2403962800988 0.2698281498658378 -4.111773093920902 0 0 16.8424660946027 0 0 0
31 FULL_OPENCV 480 848 992.3246987745104 992.3246987745104 307.5205179370645 442.2233806075193 0.1995849630430352 -3.469685443763439 0 0 12.21070609327626 0 0 0
32 FULL_OPENCV 480 848 979.5781922864511 979.5781922864511 297.3159330852671 436.1173801125494 0.3250123534036084 -4.467292555035635 0 0 17.14562948267522 0 0 0
29 FULL_OPENCV 480 848 986.4015011423329 986.4015011423329 302.6147434318767 425.6280364589812 0.5815457944820226 -11.00231545323964 0 0 57.05123530568147 0 0 0
30 FULL_OPENCV 480 848 1001.800128478042 1001.800128478042 280.8299679014112 426.1480736366254 0.2879892425188768 -3.353657011223104 0 0 9.337916639296324 0 0 0
27 FULL_OPENCV 480 848 1015.435922226 1015.435922226 288.8519722166223 423.3538280290161 -0.1857149272629993 4.713147595846212 0 0 -33.89909805974678 0 0 0
28 FULL_OPENCV 480 848 991.2161518479226 991.2161518479226 274.7688856605191 424.671544693163 -7.000220683576117e-002 2.833588727243407 0 0 -18.15066626433482 0 0 0
26 FULL_OPENCV 480 848 988.6662229223122 988.6662229223122 280.0996379393787 427.1493527568961 0.1490639293657482 -1.459332352627095 0 0 9.618300909536361 0 0 0
25 FULL_OPENCV 480 848 974.5810502519147 974.5810502519147 280.7158141078074 425.2250719907388 0.3623549093030878 -5.361152524905373 0 0 30.65921343061684 0 0 0
24 FULL_OPENCV 480 848 973.2439723512019 973.2439723512019 278.1083792149876 427.3652581849902 0.3017314152639263 -3.231245432643151 0 0 14.2691794006993 0 0 0
23 FULL_OPENCV 480 848 978.0400038310571 978.0400038310571 279.5374678640433 423.2563399791148 0.1531330141630473 -1.621016150335402 0 0 7.066168355328463 0 0 0
22 FULL_OPENCV 480 848 987.725565833243 987.725565833243 283.6015173034364 425.4622372978583 9.921856456757465e-002 -0.6654476659130096 0 0 1.774824952089117 0 0 0
19 FULL_OPENCV 480 848 993.4845769747166 993.4845769747166 276.071358339614 423.23218357787 -0.143459998098894 3.655353928029373 0 0 -22.53883280747852 0 0 0
21 FULL_OPENCV 480 848 986.4322515542559 986.4322515542559 277.6027356462416 421.763428697445 -5.832242518074659e-002 1.674595001890354 0 0 -9.668723660392262 0 0 0
20 FULL_OPENCV 480 848 983.4943735529898 983.4943735529898 271.0549461660227 427.667209256584 -2.917718209937036e-002 1.792144645980866 0 0 -8.295946957561195 0 0 0
17 FULL_OPENCV 480 848 992.046582551053 992.046582551053 274.0419091966637 428.4854733559699 -4.088326045958415e-002 1.645575232748836 0 0 -9.632357943690613 0 0 0
12 FULL_OPENCV 480 848 984.2619103587158 984.2619103587158 276.7364152077654 423.7076554916862 1.210694722834259e-002 0.2412654897339445 0 0 -1.93638931021837e-002 0 0 0
18 FULL_OPENCV 480 848 984.0959082529879 984.0959082529879 277.4216157738795 424.082052754909 -5.463123481223341e-002 0.9280566841076749 0 0 -2.295557039175385 0 0 0
16 FULL_OPENCV 480 848 994.1475893026508 994.1475893026508 273.4964810643385 421.2744786720705 -0.2853449778244628 4.863528455645917 0 0 -22.1506713538563 0 0 0
11 FULL_OPENCV 480 848 990.816892069156 990.816892069156 273.6627030143772 424.394802875954 -0.2981266937878382 5.8161452005602 0 0 -29.86924765887984 0 0 0
14 FULL_OPENCV 480 848 987.9701177898941 987.9701177898941 274.6829449039499 421.5000024630893 -0.2456475022008182 5.494227064890261 0 0 -30.11498458327219 0 0 0
13 FULL_OPENCV 480 848 993.5076589198402 993.5076589198402 270.1723432436038 420.6370317159686 -0.2784721630076588 6.533696414860145 0 0 -39.00090339514883 0 0 0
7 FULL_OPENCV 480 848 996.0957153106485 996.0957153106485 273.4744980355321 418.7192665349601 -0.1244165574075288 3.873614867684619 0 0 -24.70954647790571 0 0 0
6 FULL_OPENCV 480 848 988.9413811380585 988.9413811380585 272.7467219442018 414.2320045792272 -2.772623046115563e-002 2.108133699356905 0 0 -16.398093085523 0 0 0
1 FULL_OPENCV 480 848 992.673949954895 992.673949954895 272.0537921200454 414.3870813322445 -1.88373394073239e-002 1.724992802634273 0 0 -12.93444488892586 0 0 0
4 FULL_OPENCV 480 848 992.1598020616591 992.1598020616591 273.7715316735184 416.0707289664044 -0.1676010950125887 5.054576483785471 0 0 -33.05029312721832 0 0 0
3 FULL_OPENCV 480 848 993.3783385400446 993.3783385400446 276.6168310491191 413.674974671524 -0.3108072260783903 7.442678149385424 0 0 -44.55735376486295 0 0 0
5 FULL_OPENCV 480 848 999.1631420812465 999.1631420812465 277.1896154568175 406.7374044625291 -0.3018503844957471 6.701795938416601 0 0 -38.09410413438216 0 0 0
8 FULL_OPENCV 480 848 1000.675905552557 1000.675905552557 271.1596110533845 409.3194736566753 -0.3141735639164051 7.288037738173926 0 0 -42.45878229357852 0 0 0
15 FULL_OPENCV 480 848 1001.736178872973 1001.736178872973 277.1760300381998 409.4904331180606 -0.3204297091123848 6.97324772369904 0 0 -38.6799973343863 0 0 0
2 FULL_OPENCV 480 848 997.523063889746 997.523063889746 277.0533055174009 409.2787549602095 -0.2327997258973032 5.571033730235402 0 0 -32.0825247077936 0 0 0
10 FULL_OPENCV 480 848 1006.274767317454 1006.274767317454 280.8250180429948 411.1119535794335 -0.2206032638224315 5.380165778563859 0 0 -31.29123999534709 0 0 0
9 FULL_OPENCV 480 848 1007.020547317857 1007.020547317857 280.8920172161053 409.0561302748616 -0.3537552024042278 6.71674096107347 0 0 -35.15483208724758 0 0 0
